Example output:

age   end_earn    sav_bal   end_cash    end_int subsidized
  5       2.00     151.66       5.01       7.03     199.32
  6       2.80     573.83      11.95      20.10     698.75
  7       3.92    1380.70      19.35      33.78    1409.89
  8       5.49    2496.75      22.74      39.00    1946.73
  9       7.68    3735.84      23.84      39.00    2078.64
 10      10.76    5055.50      25.38      39.00    2080.00
 11      15.06    6487.04      27.53      39.00    2080.00
 12      21.08    8075.19      30.54      39.00    2080.00
 13      29.52    9882.60      34.76      39.00    2080.00
 14      41.32   11996.98      40.66      39.00    2080.00
 15      57.85   14541.10      48.93      39.00    2080.00
 16      80.99   17686.87      60.50      39.00    2080.00
 17     113.39   21674.96      76.69      39.00    2080.00
